$ANSIBLE_VAULT;1.1;AES256
37323765663638643133313336343866353536646633343437346333356636333937383939313165
3562396535326663343238363839646461626138623139650a646261313933323333343966663536
31383861343832666339396166303436636331386162616264393334653233643265393838616434
3064613466373835610a653033396431333037333838613232663261633464336161666565353431
32316366306432323965313034326337383839633534353366366334386335623737613962313633
36626162643762373164313662663538346465336335613364653734343565316435323735363734
35623366653432363537623036316662396135376531393633363835656533303638643763303032
36393762636439623337386232326266333661646435323563623935623363653636613937346539
66616534616364643636336631393464363263343932646139383531343730313934613438393733
33343263636661643666353238306630316433313937623831373039316662333030663565366461
39386661656366663136323963653135333235383664613936323834333135656364346363356334
66643836336461383561
