$ANSIBLE_VAULT;1.1;AES256
37346561376132376266386661333865363261636364613562383537353764623430326565383633
3562343735343338643535636234656362613161633435640a633136373833383265323664643033
64386562343238623839656631613166646532326336643236363466333035613462626132336361
6336333038313439330a393739323535643034376333616232336131353461633439383038633966
63363563626639366166643466393865393430323336323036656566643737346161376434336666
30373738633833343363323066623137373934373462306138383634373361313133373262323837
62626564666139316537613333336434343837343737303931363432666539316536626566376130
62393864353362326339303665373037316335323061633830393735343166653335323032303539
61323466343966623338633030623837333632613666316636303366646163333863393761616139
32623831313731386362393636343039666262623236623830313635363162363939393234633137
63356633303634333266323838663835636332393964336435323334663134656239383432643638
62663831666665353330343737363763653261346437343662646238393633393033333932376166
38313936653463646263613961616239396534393535303964323666326333343131666239613463
33333235353862353766393861393030373338363730346161656130633736363932386334636133
65376465633335636237643936323733353437333462313534353534346230636231353636663331
36356662363364336161346233303566666236323237316664623439333066313032376138373166
35666530316234316439353937653031623761616231363034656661303835613937373630306435
64303564623931643065383134353235626437316134313630336435303033353230376436646261
32303864633837393535666437356666613062356531303566613930346333653261303133663164
38646362646130633564346133363362306661663135376166666565623833386161666465346234
32306233626536333630386665633961656265383064356432353431343537643236623236653030
39316433383664623166316562656433633963393336376261383765323431653138616336323761
64633063306139303137636530646566616537366435666664633562656330366539633236633361
65653434316238313163363039626663306636313137336565356232356265353163363061353831
34356465633165623930366136393063626564376238333861663933643139356630363166356565
6562323737346663626239643830353037316334643665636631
