$ANSIBLE_VAULT;1.1;AES256
30633934653931316264353538663639343239636531373263363735323830326265366135386339
3436333763303661383136363965303861613930663731340a383734386138663937303866646162
32303364353661653634646336666336373166316339393330613662323161326638393061333836
3339626431376262390a336436656538333939336539313537663362383535363830376261356661
33663231383239303962636431356262383266323433346464366365373363636339663166633739
66333938663332393636653765303461636338353464643737343235383938313539336236646563
35373235373930313865313366396338313037323738343037613562333265633032663733656562
39363037373438613532616331623838336130653533393233306239386638636430613931323862
62356438333561313264393762333436343635663765323931396166643830656332656566323432
34316330336462353831623932313937666138333162396463383138386466353030356137623162
63656666643666376638333365386533373965616663613335633936663964316534633937653838
62623838383139366334
