$ANSIBLE_VAULT;1.1;AES256
63643331666666326537353364663562663633326432326464393735613532336434646565356234
3861323739326335623764643538383838633937643538660a653366353534376365663733366337
33356464343439373739313431376639373361636664316131383233393466306265663135363132
6232653834333062320a343366663532363739303035653636366538356264393665323435303262
65383666666631653236303134353433306239626666646237303366633539666232633335363334
61643238323734613662643631383934616636623331313434386564373266383762626663346164
66363764653461333231643531613035623266663863626231393538626134356332326330346635
66343365366263663964383630376530633161393336316363623365343535356663323334356135
62653533646538316433373832376137353166376666393736663031636330633832323437306637
63643362626562303930303734636461653434396563363465386339313731653664346163643334
63656662313437643733636437646665303436633137393839393433353532383766646462316536
62653663633765333163316330363137363464376133653331323134626265356164393036383164
33333839366662383664623136343537383166363738346131346134303966616162313662323366
39633831346134356262326335353435353162643633333766333164383961366635323663373437
33316563636161363761363336386237623235636161353330396130386161636239346434393736
32633131653430313234353265343130646434363362666666303662393663643131623430656233
30633765343932363634646536656134303633373339623764386235313661663365313766303035
64626130353535363262623765366535653936646634643137636232336665313032326533326237
62633764623265636538613566396235303934303735366134653064336533633837326530613336
33633230323234353638646139313435366161616238613161373631666534643963343364623934
64346539623032616564313364353363303938613165343139333038336563366434363036303939
62383162623364633736613432383037616662313636613733353439393932336561316165353466
33373932366439333733393431383861636266623062373735366565326538346431636335323034
62656662353034646464363831303531626533383964323066306262616537313765373939303431
33613464376135323862393962646235393336616136613130396462666165343237363133313730
63366566623235643430316638363265623963306230636439333031373761656330336432393730
63366562376465663539666261356166363535643366393132323536363035373334656133313831
62383532366332363164383634666138653031633663613862393030626432363263306464666139
35343365633537653762616330336261663130666336666634306561336131366135613764336364
63306166383564616363653065666137623163383634396131663730316135343136356437383734
31626334306238336131373032303830363439356433623633376463643766636231303464313665
65636634373831363362343634626335326463363437653466303337386433623937386263636264
32646638643636643035636538313934373463333939643761383162313033616461646331656530
63646133613939393966343061306636626231333464323037323633343064346535636238306533
37653165626639623961633637383862656335623566643332376264336661656364353237623530
31613762363737303337326131316562616662653537633931393336346636613062343161333937
39356232363537653631633266396466656139383062656635653136623364383434636139396430
64326438663963613038626136393334663232326535666139333639643335366232363130393038
61383966323931613065636264336134373334303432373866313063383735306439386233303237
62303631396230373933303933343030613631356231393131626532386236313334326430366534
38343030656165356263623734383831663939343230313833383663353139663839623930653032
61336262656138363864313333343031343337353132353039626537623931316633666565626463
65353339653530356536323265323734663565326135383565393038303239633732393134663931
36646664333430393934346232613839633263663039616539633661653030623535653239363135
64373739366465306233323434663464613133366162396131326463633835353830386134313435
64613033373732343036313938306537326363646436333734343137323832343732313236393537
61316361663433633633633331376232663462643564623530613035646261353866366439666135
65336231653638636439636232653031646132336461306664653630303961623431363237343636
66383066343364363536326464333833366162343633353931396432646466613062333366616336
65643536626339323664306666663535303562306435623836346562656533616462653933663663
37643037336237303932306530356565613864303931653639316336306533343930323435633738
36666564386637366265306564323738663662633532393739636538333265623634643034346130
34323261343539356330383539333236336237396337343130343631333662306463346533323762
65616439626261346266346330303536366364393137623230666162326561373333333937666263
30626162313163306236653839316137346331313363333136376231343732396131633364623264
33376166343537393339343266353234633363383331393634353464666231333665646634376235
37326432356161633731383666623337643137646461383961356337633834613731323331336435
39653231633931343739323733356365316665613064663866613533316237306431636366366165
37333961613966646234366336376334363130636663353339386335346563623433643163336630
31303566383838343239663764376464666664386434616266396466393536656632323865633262
39306530336335663966316433343336656230353736666134623565376637656462383032303563
35363163613038636635316231343866613961326263646665373833633135363939383732383161
31306136613839373039396230363837646330333436356566356234653661373833643135653863
38343661323164366130613835303438373538343038643964343765663438316164346539303864
39633136316461636339613437386436616366653362643366313034613163633535333036373563
65396662633835653039623130336366333539303239373865643535313931623265636565363463
31643239656334393764383265386135333135633261643261316538346638366464636364666633
39653461616334616665623731323431386334663038656337643036393632313330613931303230
39313638373237353361306433303232343131316339653364633033383334353732316133646331
36633931336632616530313432306664653934393938623336613236653331376633636166616464
64313934393438306534346666373330653133613139383430393530383864666132366535663336
34366430396138646131356230303463643364613834653038653764393365386465613933356564
65303539346139616130643538353330323039333863633063636137623838323731353364343162
31393564333165373365303066656635383332613434376538303933323761616663663036386562
62626337386333653331653134383361633065343965383766383135303161336433396166613834
32356164346164386532303430616431646630663438373533613966363637653630323431373238
31646664303263323333386466313531663239333632373665336562623534626461346332393330
31303736613332383165303038646530303334633132616665633935343636306231343336383361
36626261633864373838623464636232313763356666613663666165313233343064353162623062
61386366373630363736316236666436316565613064303835333236323630636133366337643637
38393437323638383731356339356466306162396362353165366435303432653565653434343138
39376465386231633034623737646265393630346135306530643966366562356631323136613632
34313331343661663763656530636165363664616564383762383565353735336661353137656132
39393534626130396563656336636139333736633138643032633861323034313561333131626163
32353233653835313133376566663464613965666530633837356231653065393135363934613133
63353462313933616666343962366466393537313136323731353739303639363132323931646430
32373733333064653962316639656635386332373465653131653132623531363135386432316239
62646537653332363633653736643031383363663133343665393439393432643036343462333466
61396137313930653363306135666566316434663136323632303235363033656662663231616263
39383333383763376435323663353166333739633564613738656537616639633864353234613265
63356636393435653536313561636531376365623563623435613031643932356532616632373538
62626161646432633139663464656361396631313134383231613466373264643766643832633362
63613862636466653561313136373563366436666235336666353130396132343136323566373166
31343964303434633733353236646634656464616362306333656335666163313938363464333763
65303830633463383765623934313732643363396132363230326530643932333838336532303334
30643961306336653461656361386636323934373831633430626365323432323636613263396334
36663765643461373465366439653534393033623036653365633637376162353332346131616165
39656566313538646333323762356239336363313862313132363430616562363363623237616238
35616138633566653238656236303932333834383761373433653937383935613564363138393231
63356630323039383030623232363661633965656538326166613034306133653762353461663465
34383031376633636435653365373235636531323430653130353236656463376236303630663538
31356263336361313532373763343931373562623234613333303863323031366531643631336231
65626363376463663535356664386635386433363635386334623965393533643536363234616533
30313536656265323630383131663730313331353064336463303431396562666164616238396664
36656564336366313039303063383637353963393233383737303964363063646330303637636130
31306662386666356430386138356661363064353139346337616566653837343536343438383337
66373232343766386330616439623864353965646538623230313362636636353537643164653361
34653766623431643231313232653063383634663766616564616130623434333138633866306236
61656339313961306466306130376266643339336665386164633563653333373534396335333736
35653830383039383639383066326262636239303336313064363138393535316332333266316439
38643561363638663231386334356434656565323738333166643264636533306235363737623330
32623636363333623566346234623734616135326665343664353838363635646161396437643166
30306632363338326434393230356437663961643362636437333737333962626334323632633561
39663862366461663065623862633535366665613433643137303066633565373330303630373938
66373635613566386239643138373962643165346235303831343064393466353835326562616637
65336262623565393961653838666135386530656363393166386432613062326136326162623537
30346364626636323634326430336263306537636161636434363565326563653837383964613066
34383263343337353531316166306663643837643739643530366561616337626634386331366436
65633439363231616230643134373538343163663663326437666334353630383063336533346164
30316137323830336235663161386166666333356134346534313137366662306137383234636666
30663038306266303763653933633736343436353839623938363564653164663963663662373730
64396634663434656364363839656239376338373665613562306562633164346238356466626562
37613236313262323236656139343933323139353563333037643837633033636335346664663533
32376132636461393735623639613234613065313936633932306463613330633835353031386633
35386366373361343633613865646338333734653962303262643165633430386263346236393638
37316332336338613562333463646530316564323735663263376465613063323836383035633464
66366536343934653236373930623738363965613432316232353836393935313832633537633065
66313131623435353439373132623737386539353639346132613239633335396235613564633938
33386638313930386237393662393764336532613031663439613233613631373733363361356533
62613335616463323264303665643565376438613964386461306464636638646361666337316661
39643863396565653831333436313432353364376266323965643231383134616631656137366539
38666565396263656633343462313363373431336138316564613730306239353565326265363838
36653963656261343565343732643763626362633530653339373864653932396337343135636565
30656333396465313535313039643335336438373732343535383163613235633263373235356266
33636636636333313761373066363666373861363964393530396532623334636236643738306630
30323061323235396631643335663364336338313232373865653766626361343135376666373730
65316134303936646433633133363165656362313038383462323338383365623033633863383430
31363236646230666533303437343566626464633132343435306533636339373836623033316164
31373264666235666238366437656337336461383765333739643530336236653265653631663762
38396366376664363438633236626363353864626433396239393831643034666338316264343666
31653035653833643539653733386236366530393463356662353139386137366530323063663335
61623637643261663132643663663166623161656266663066376431316138376633346131633433
39653663626133306463306134656235633530303932643662343165376237653637353935653534
34356264326338386438343837376362616334343366643436623036393239323061343336643639
34333362306563356364646237313832653532396636326562653261393634666266643230303565
38653665353566366339613336386639343333663231333366353737626361613730653832663138
39613230653066633230363938303231653566343736356632653837346461333662373036356232
38633936666236646564333165623532306530653965663033613861306232316136633137633264
66386431306130346361376134613962636533303464623261313138333963643161663765346232
64363764396132383934316439623535306664393137356161643637316466633564636339353065
66366331396461656665343966396662366633323435356135393437343637356164333433633530
36313336353865616566393064666663633033366235646632316434633038663562663032363732
64623265383831333633343765336362336237363836333637653437663964393834636631663235
36353733313966383332646665643039613733666365623134393031356238656461336330393063
31303735326430303130303733636432636633343865336564323064616132383537363234303263
65636566626435633733646231643734343739633236333736373737613238306334393736346433
32356630383466666632366536336634326531616230346530393966613132386666386562653639
64373363313535376262626232626235623165323034353737316534626235393736616334396438
30313031336662386431366237343866376631643633303164373338303031646639376264326561
34613731386139663864633337316366346566386462616432393961653864366238316564353966
66303962646235313735613732376133363335623362663662653965663234343539346439333435
31383332343238643433646365306433306636363437663265323564643262656438393233316635
35666166306164623561326261366130643832356438656131323266336465323536393033336461
65363863343765383136383539303962323334393365396239373035613266663438633366663638
34333461616465306533646531633735363365306635313262376462353531616639386335306134
37633531333966343266343066623033373638646366333537366537643035303533666261656461
39656539666264616362616531353638316637636666363939316132313261616462663232386337
38663865366565626661306339343933626232623564303862323461626132376230333163373365
32363433666462306161316130636334393762383535376662316163643533313133373161326530
35386262396130333739346337613737646435393666653532343835363730363836333361363539
39323430613730656237653636393834346632663439653231623637343836613336313666623235
34356333306162356136363065633638623235373766393036633334623837386637613931313165
39336631336637313839613263356532646464353339303465636130353536346231326437306530
39366531623833663331316239356231633631323463373239323162653164393763653363393533
66393133393238343130336365656133643635363339333464326462393535393136613561353362
65653731616438616364
